# records dumped
BUS g1 15.0 0. 0. 0. 0. ;
BUS g2 15.0 0. 0. 0. 0. ;
BUS g3 15.0 0. 0. 0. 0. ;
BUS g4 15.0 0. 0. 0. 0. ;
BUS g5 15.0 0. 0. 0. 0. ;
BUS g6 15.0 0. 0. 0. 0. ;
BUS g7 15.0 0. 0. 0. 0. ;
BUS g8 15.0 0. 0. 0. 0. ;
BUS g9 15.0 0. 0. 0. 0. ;
BUS g10 15.0 0. 0. 0. 0. ;
BUS g11 15.0 0. 0. 0. 0. ;
BUS g12 15.0 0. 0. 0. 0. ;
BUS g13 15.0 0. 0. 0. 0. ;
BUS g14 15.0 0. 0. 0. 0. ;
BUS g15 15.0 0. 0. 0. 0. ;
BUS g15b 15.0 0. 0. 0. 0. ;
BUS g16 15.0 0. 0. 0. 0. ;
BUS g16b 15.0 0. 0. 0. 0. ;
BUS g17 15.0 0. 0. 0. 0. ;
BUS g18 15.0 0. 0. 0. 0. ;
BUS g18b 15.0 0. 0. 0. 0. ;
BUS g19 15.0 0. 0. 0. 0. ;
BUS g20 15.0 0. 0. 0. 0. ;
BUS 1011 130.0 0. 0. 0. 0. ;
BUS 1012 130.0 0. 0. 0. 0. ;
BUS 1013 130.0 0. 0. 0. 0. ;
BUS 1014 130.0 0. 0. 0. 0. ;
BUS 1021 130.0 0. 0. 0. 0. ;
BUS 1022 130.0 0. 0. 50.00000 0. ;
BUS 1041 130.0 0. 0. 250.0000 0. ;
BUS 1042 130.0 0. 0. 0. 0. ;
BUS 1043 130.0 0. 0. 200.0000 0. ;
BUS 1044 130.0 0. 0. 200.0000 0. ;
BUS 1045 130.0 0. 0. 200.0000 0. ;
BUS 2031 220.0 0. 0. 0. 0. ;
BUS 2032 220.0 0. 0. 0. 0. ;
BUS 4011 400.0 0. 0. 0. 0. ;
BUS 4012 400.0 0. 0. -100.0000 0. ;
BUS 4021 400.0 0. 0. 0. 0. ;
BUS 4022 400.0 0. 0. 0. 0. ;
BUS 4031 400.0 0. 0. 0. 0. ;
BUS 4032 400.0 0. 0. 0. 0. ;
BUS 4041 400.0 0. 0. 200.0000 0. ;
BUS 4042 400.0 0. 0. 0. 0. ;
BUS 4043 400.0 0. 0. 200.0000 0. ;
BUS 4044 400.0 0. 0. 0. 0. ;
BUS 4045 400.0 0. 0. 0. 0. ;
BUS 4046 400.0 0. 0. 100.0000 0. ;
BUS 4047 400.0 0. 0. 0. 0. ;
BUS 4051 400.0 0. 0. 100.0000 0. ;
BUS 4061 400.0 0. 0. 0. 0. ;
BUS 4062 400.0 0. 0. 0. 0. ;
BUS 4063 400.0 0. 0. 0. 0. ;
BUS 4071 400.0 0. 0. -400.0000 0. ;
BUS 4072 400.0 0. 0. 0. 0. ;
BUS 1 20 635.7414 157.0282 0. 0 ;
BUS 2 20 349.6577 75.22939 0. 0 ;
BUS 3 20 275.4879 88.79189 0. 0 ;
BUS 4 20 890.0378 267.0114 0. 0 ;
BUS 5 20 762.8896 201.7419 0. 0 ;
BUS 11 20 200.0000 68.80000 0. 0 ;
BUS 12 20 300.0000 83.80000 0. 0 ;
BUS 13 20 100.0000 34.40000 0. 0 ;
BUS 22 20 280.0000 79.90000 0. 0 ;
BUS 31 20 100.0000 24.70000 0. 0 ;
BUS 32 20 200.0000 39.60000 0. 0 ;
BUS 41 20 572.1673 139.2273 0. 0 ;
BUS 42 20 423.8275 134.9891 0. 0 ;
BUS 43 20 953.6121 269.7663 0. 0 ;
BUS 46 20 741.6982 224.4167 0. 0 ;
BUS 47 20 105.9569 46.62103 0. 0 ;
BUS 51 20 847.6551 273.5807 0. 0 ;
BUS 61 20 500.0000 122.5000 0. 0 ;
BUS 62 20 300.0000 83.80000 0. 0 ;
BUS 63 20 590.0000 264.6000 0. 0 ;
BUS 71 20 300.0000 83.80000 0. 0 ;
BUS 72 20 2000.000 396.1000 0. 0 ;
GENER g1 g1 g1 600.0000 17.64431 1.068400 800.0 -99999. 320.6126 1 ;
GENER g2 g2 g2 300.0000 -1.392845 1.056500 600.0 -99999. 290.3845 1 ;
GENER g3 g3 g3 550.0000 5.724552 1.059500 700.0 -99999. 260.5219 1 ;
GENER g4 g4 g4 400.0000 8.851353 1.033900 600.0 -99999. 268.8083 1 ;
GENER g5 g5 g5 200.0000 19.57119 1.029400 250.0 -99999. 157.4382 1 ;
GENER g6 g6 g6 360.0000 148.1667 1.008400 400.0 -99999. 187.5052 1 ;
GENER g7 g7 g7 180.0000 72.75407 1.014100 200.0 -99999. 132.5540 1 ;
GENER g8 g8 g8 750.0000 188.0327 1.049800 850.0 -99999. 291.7766 1 ;
GENER g9 g9 g9 668.5000 117.9795 0.9988000 1000.0 -99999. 470.4573 1 ;
GENER g10 g10 g10 600.0000 202.4879 1.015700 800.0 -99999. 347.2110 1 ;
GENER g11 g11 g11 250.0000 1.450300 1.021100 300.0 -99999. 116.6638 1 ;
GENER g12 g12 g12 310.0000 31.55038 1.020000 350.0 -99999. 170.4402 1 ;
GENER g13 g13 g13 0. -15.40797 1.017000 300.0 -99999. 299.6789 1 ;
GENER g14 g14 g14 630.0000 205.6814 1.045400 700.0 -99999. 367.5824 1 ;
GENER g15 g15 g15 540.0000 158.5934 1.045500 600.0 -99999. 586.5377 1 ;
GENER g15b g15b g15b 540.0000 158.5934 1.045500 600.0 -99999. 586.5377 1 ;
GENER g16 g16 g16 600.0000 131.3427 1.053100 700.0 -99999. 371.7766 1 ;
GENER g16b g16b g16b 600.0000 131.3427 1.053100 700.0 -99999. 371.7766 1 ;
GENER g17 g17 g17 530.0000 21.21696 1.009200 600.0 -99999. 276.4489 1 ;
GENER g18 g18 g18 530.0000 132.7453 1.030700 600.0 -99999. 573.0605 1 ;
GENER g18b g18b g18b 530.0000 132.7453 1.030700 600.0 -99999. 573.0605 1 ;
GENER g19 g19 g19 300.0000 109.9775 1.030000 500.0 -99999. 249.0537 1 ;
GENER g20 g20 g20 1822.725 347.1631 1.018500 4500.0 -99999. 2483.911 1 ;
SLACK g20 ;
LINE 1011-1013 1011 1013 1.6900 11.830 40.841 350.00 1 ;
LINE 1011-1013-2 1011 1013 1.6900 11.830 40.841 350.00 1 ;
LINE 1012-1014 1012 1014 2.3700 15.210 53.407 350.00 1 ;
LINE 1012-1014-2 1012 1014 2.3700 15.210 53.407 350.00 1 ;
LINE 1013-1014 1013 1014 1.1800 8.4500 29.845 350.00 1 ;
LINE 1013-1014-2 1013 1014 1.1800 8.4500 29.845 350.00 1 ;
LINE 1021-1022 1021 1022 5.0700 33.800 89.535 350.00 1 ;
LINE 1021-1022-2 1021 1022 5.0700 33.800 89.535 350.00 1 ;
LINE 1041-1043 1041 1043 1.6900 10.140 36.128 350.00 1 ;
LINE 1041-1043-2 1041 1043 1.6900 10.140 36.128 350.00 1 ;
LINE 1041-1045 1041 1045 2.5300 20.280 73.827 350.00 1 ;
LINE 1041-1045-2 1041 1045 2.5300 20.280 73.827 350.00 1 ;
LINE 1042-1044 1042 1044 6.4200 47.320 177.50 350.00 1 ;
LINE 1042-1044-2 1042 1044 6.4200 47.320 177.50 350.00 1 ;
LINE 1042-1045 1042 1045 8.4500 50.700 177.50 350.00 1 ;
LINE 1043-1044 1043 1044 1.6900 13.520 47.124 350.00 1 ;
LINE 1043-1044-2 1043 1044 1.6900 13.520 47.124 350.00 1 ;
LINE 2031-2032 2031 2032 5.8100 43.560 15.708 500.00 1 ;
LINE 2031-2032-2 2031 2032 5.8100 43.560 15.708 500.00 1 ;
LINE 4011-4012 4011 4012 1.6000 12.800 62.832 1400.0 1 ;
LINE 4011-4021 4011 4021 9.6000 96.000 562.34 1400.0 1 ;
LINE 4011-4022 4011 4022 6.4000 64.000 375.42 1400.0 1 ;
LINE 4011-4071 4011 4071 8.0000 72.000 438.25 1400.0 1 ;
LINE 4012-4022 4012 4022 6.4000 56.000 328.30 1400.0 1 ;
LINE 4012-4071 4012 4071 8.0000 80.000 468.10 1400.0 1 ;
LINE 4021-4032 4021 4032 6.4000 64.000 375.42 1400.0 1 ;
LINE 4021-4042 4021 4042 16.000 96.00 937.77 1400.0 1 ;
LINE 4022-4031 4022 4031 6.4000 64.000 375.42 1400.0 1 ;
LINE 4022-4031-2 4022 4031 6.4000 64.000 375.42 1400.0 1 ;
LINE 4031-4032 4031 4032 1.6000 16.000 94.248 1400.0 1 ;
LINE 4031-4041 4031 4041 9.6000 64.00 749.27 1400.0 1 ;
LINE 4031-4041-2 4031 4041 9.6000 64.00 749.27 1400.0 1 ;
LINE 4032-4042 4032 4042 16.000 64.00 625.18 1400.0 1 ;
LINE 4032-4044 4032 4044 9.6000 80.00 749.27 1400.0 1 ;
LINE 4041-4044 4041 4044 4.8000 48.000 281.17 1400.0 1 ;
LINE 4041-4061 4041 4061 9.6000 72.000 406.84 1400.0 1 ;
LINE 4042-4043 4042 4043 3.2000 24.000 155.51 1400.0 1 ;
LINE 4042-4044 4042 4044 3.2000 32.000 186.93 1400.0 1 ;
LINE 4043-4044 4043 4044 1.6000 16.000 94.248 1400.0 1 ;
LINE 4043-4046 4043 4046 1.6000 16.000 94.248 1400.0 1 ;
LINE 4043-4047 4043 4047 3.2000 32.000 186.93 1400.0 1 ;
LINE 4044-4045 4044 4045 3.2000 32.000 186.93 1400.0 1 ;
LINE 4044-4045-2 4044 4045 3.2000 32.000 186.93 1400.0 1 ;
LINE 4045-4051 4045 4051 6.4000 64.000 375.42 1400.0 1 ;
LINE 4045-4051-2 4045 4051 6.4000 64.000 375.42 1400.0 1 ;
LINE 4045-4062 4045 4062 17.600 128.00 749.27 1400.0 1 ;
LINE 4046-4047 4046 4047 1.6000 24.000 155.51 1400.0 1 ;
LINE 4061-4062 4061 4062 3.2000 32.000 186.93 1400.0 1 ;
LINE 4062-4063 4062 4063 4.8000 48.000 281.17 1400.0 1 ;
LINE 4062-4063-2 4062 4063 4.8000 48.000 281.17 1400.0 1 ;
LINE 4071-4072 4071 4072 4.8000 48.000 937.77 1400.0 1 ;
LINE 4071-4072-2 4071 4072 4.8000 48.000 937.77 1400.0 1 ;
TRFO g1 g1 1012 ' ' 0.0 15.0 0. 100.0000 800.0 0. 0. 0 0. 0 1 ;
TRFO g2 g2 1013 ' ' 0.0 15.0 0. 100.0000 600.0 0. 0. 0 0. 0 1 ;
TRFO g3 g3 1014 ' ' 0.0 15.0 0. 100.0000 700.0 0. 0. 0 0. 0 1 ;
TRFO g4 g4 1021 ' ' 0.0 15.0 0. 100.0000 600.0 0. 0. 0 0. 0 1 ;
TRFO g5 g5 1022 ' ' 0.0 15.0 0. 105.0000 250.0 0. 0. 0 0. 0 1 ;
TRFO g6 g6 1042 ' ' 0.0 15.0 0. 105.0000 400.0 0. 0. 0 0. 0 1 ;
TRFO g7 g7 1043 ' ' 0.0 15.0 0. 105.0000 200.0 0. 0. 0 0. 0 1 ;
TRFO g8 g8 2032 ' ' 0.0 15.0 0. 105.0000 850.0 0. 0. 0 0. 0 1 ;
TRFO g9 g9 4011 ' ' 0.0 15.0 0. 105.0000 1000.0 0. 0. 0 0. 0 1 ;
TRFO g10 g10 4012 ' ' 0.0 15.0 0. 105.0000 800.0 0. 0. 0 0. 0 1 ;
TRFO g11 g11 4021 ' ' 0.0 15.0 0. 105.0000 300.0 0. 0. 0 0. 0 1 ;
TRFO g12 g12 4031 ' ' 0.0 15.0 0. 105.0000 350.0 0. 0. 0 0. 0 1 ;
TRFO g13 g13 4041 ' ' 0.0 10.0 0. 105.0000 300.0 0. 0. 0 0. 0 1 ;
TRFO g14 g14 4042 ' ' 0.0 15.0 0. 105.0000 700.0 0. 0. 0 0. 0 1 ;
TRFO g15 g15 4047 ' ' 0.0 15.0 0. 105.0000 600.0 0. 0. 0 0. 0 1 ;
TRFO g15b g15b 4047 ' ' 0.0 15.0 0. 105.0000 600.0 0. 0. 0 0. 0 1 ;
TRFO g16 g16 4051 ' ' 0.0 15.0 0. 105.0000 700.0 0. 0. 0 0. 0 1 ;
TRFO g16b g16b 4051 ' ' 0.0 15.0 0. 105.0000 700.0 0. 0. 0 0. 0 1 ;
TRFO g17 g17 4062 ' ' 0.0 15.0 0. 105.0000 600.0 0. 0. 0 0. 0 1 ;
TRFO g18 g18 4063 ' ' 0.0 15.0 0. 105.0000 600.0 0. 0. 0 0. 0 1 ;
TRFO g18b g18b 4063 ' ' 0.0 15.0 0. 105.0000 600.0 0. 0. 0 0. 0 1 ;
TRFO g19 g19 4071 ' ' 0.0 15.0 0. 105.0000 500.0 0. 0. 0 0. 0 1 ;
TRFO g20 g20 4072 ' ' 0.0 15.0 0. 105.0000 4500.0 0. 0. 0 0. 0 1 ;
TRFO 1011-4011 1011 4011 ' ' 0.0000 10.000 0. 95.00000 1250.0 0. 0. 0 0. 0 1 ;
TRFO 1012-4012 1012 4012 ' ' 0.0000 10.000 0. 95.00000 1250.0 0. 0. 0 0. 0 1 ;
TRFO 1022-4022 1022 4022 ' ' 0.0000 10.000 0. 93.00000 833.30 0. 0. 0 0. 0 1 ;
TRFO 2031-4031 2031 4031 ' ' 0.0000 10.000 0. 100.0000 833.30 0. 0. 0 0. 0 1 ;
TRFO 1044-4044 1044 4044 1044 0. 10.0 0. 105.0000 1000.0 87. 111. 25 0.01 1.0106 1 ;
TRFO 1044-4044-2 1044 4044 1044 0. 10.0 0. 105.0000 1000.0 87. 111. 25 0.01 1.0106 1 ;
TRFO 1045-4045 1045 4045 1045 0. 10.0 0. 106.0000 1000.0 87. 111. 25 0.01 1.0146 1 ;
TRFO 1045-4045-2 1045 4045 1045 0. 10.0 0. 106.0000 1000.0 87. 111. 25 0.01 1.0146 1 ;
TRFO 11-1011 11 1011 11 0. 10. 0. 106.0000 400. 88. 120. 33 0.01 1. 1 ;
TRFO 12-1012 12 1012 12 0. 10. 0. 106.0000 600. 88. 120. 33 0.01 1. 1 ;
TRFO 13-1013 13 1013 13 0. 10. 0. 104.0000 200. 88. 120. 33 0.01 1. 1 ;
TRFO 22-1022 22 1022 22 0. 10. 0. 106.0000 560. 88. 120. 33 0.01 1. 1 ;
TRFO 1-1041 1 1041 1 0. 10. 0. 98.00000 1200. 88. 120. 33 0.01 1. 1 ;
TRFO 2-1042 2 1042 2 0. 10. 0. 100.0000 600. 88. 120. 33 0.01 1. 1 ;
TRFO 3-1043 3 1043 3 0. 10. 0. 100.0000 460. 88. 120. 33 0.01 1. 1 ;
TRFO 4-1044 4 1044 4 0. 10. 0. 98.00000 1600. 88. 120. 33 0.01 1. 1 ;
TRFO 5-1045 5 1045 5 0. 10. 0. 99.00000 1400. 88. 120. 33 0.01 1. 1 ;
TRFO 31-2031 31 2031 31 0. 10. 0. 104.0000 200. 88. 120. 33 0.01 1. 1 ;
TRFO 32-2032 32 2032 32 0. 10. 0. 107.0000 400. 88. 120. 33 0.01 1. 1 ;
TRFO 41-4041 41 4041 41 0. 10. 0. 106.0000 1080. 88. 120. 33 0.01 1. 1 ;
TRFO 42-4042 42 4042 42 0. 10. 0. 105.0000 800. 88. 120. 33 0.01 1. 1 ;
TRFO 43-4043 43 4043 43 0. 10. 0. 104.0000 1800. 88. 120. 33 0.01 1. 1 ;
TRFO 46-4046 46 4046 46 0. 10. 0. 103.0000 1400. 88. 120. 33 0.01 1. 1 ;
TRFO 47-4047 47 4047 47 0. 10. 0. 105.0000 200. 88. 120. 33 0.01 1. 1 ;
TRFO 51-4051 51 4051 51 0. 10. 0. 107.0000 1600. 88. 120. 33 0.01 1. 1 ;
TRFO 61-4061 61 4061 61 0. 10. 0. 104.0000 1000. 88. 120. 33 0.01 1. 1 ;
TRFO 62-4062 62 4062 62 0. 10. 0. 105.0000 600. 88. 120. 33 0.01 1. 1 ;
TRFO 63-4063 63 4063 63 0. 10. 0. 103.0000 1180. 88. 120. 33 0.01 1. 1 ;
TRFO 71-4071 71 4071 71 0. 10. 0. 103.0000 600. 88. 120. 33 0.01 1. 1 ;
TRFO 72-4072 72 4072 72 0. 10. 0. 105.0000 4000. 88. 120. 33 0.01 1. 1 ;
LFRESV g1 1.068400 0.1641232 ;
LFRESV g2 1.056500 0.2097849 ;
LFRESV g3 1.059500 0.2990406 ;
LFRESV g4 1.033900 0.2956696 ;
LFRESV g5 1.029400 -5.4391924E-02 ;
LFRESV g6 1.008400 -0.7683397 ;
LFRESV g7 1.014100 -0.9281477 ;
LFRESV g8 1.049800 -8.2513213E-02 ;
LFRESV g9 0.9988000 9.3422659E-02 ;
LFRESV g10 1.015700 0.1363101 ;
LFRESV g11 1.021100 -0.3026794 ;
LFRESV g12 1.020000 -0.3410415 ;
LFRESV g13 1.017000 -0.6972286 ;
LFRESV g14 1.045400 -0.6144463 ;
LFRESV g15 1.045500 -0.6481106 ;
LFRESV g15b 1.045500 -0.6481106 ;
LFRESV g16 1.053100 -0.7069402 ;
LFRESV g16b 1.053100 -0.7069402 ;
LFRESV g17 1.009200 -0.5387747 ;
LFRESV g18 1.030700 -0.4770024 ;
LFRESV g18b 1.030700 -0.4770024 ;
LFRESV g19 1.030000 5.3018052E-02 ;
LFRESV g20 1.018500 0. ;
LFRESV 1011 1.073948 6.5959059E-03 ;
LFRESV 1012 1.070495 6.5600365E-02 ;
LFRESV 1013 1.059211 0.1427139 ;
LFRESV 1014 1.064172 0.1943188 ;
LFRESV 1021 1.036283 0.2021989 ;
LFRESV 1022 1.075878 -0.1684077 ;
LFRESV 1041 0.9978423 -1.151750 ;
LFRESV 1042 1.010787 -0.9078609 ;
LFRESV 1043 1.017950 -1.065897 ;
LFRESV 1044 1.003971 -0.9064488 ;
LFRESV 1045 1.006585 -0.9394881 ;
LFRESV 2031 1.053073 -0.4232626 ;
LFRESV 2032 1.077266 -0.2057081 ;
LFRESV 4011 1.035515 -8.5537825E-03 ;
LFRESV 4012 1.033799 2.3574604E-02 ;
LFRESV 4021 1.079092 -0.4220796 ;
LFRESV 4022 1.023013 -0.1985850 ;
LFRESV 4031 1.065891 -0.4697064 ;
LFRESV 4032 1.078918 -0.5470963 ;
LFRESV 4041 1.073153 -0.6972286 ;
LFRESV 4042 1.062092 -0.7424626 ;
LFRESV 4043 1.051563 -0.8417677 ;
LFRESV 4044 1.059118 -0.8427395 ;
LFRESV 4045 1.071017 -0.8850913 ;
LFRESV 4046 1.046528 -0.8548249 ;
LFRESV 4047 1.066608 -0.7755696 ;
LFRESV 4051 1.085291 -0.8253351 ;
LFRESV 4061 1.051244 -0.7387354 ;
LFRESV 4062 1.063117 -0.6688130 ;
LFRESV 4063 1.057081 -0.6050444 ;
LFRESV 4071 1.051875 -3.4315817E-02 ;
LFRESV 4072 1.059348 -5.9161987E-02 ;
LFRESV 1 1.003803 -1.203606 ;
LFRESV 2 0.9965122 -0.9657494 ;
LFRESV 3 0.9968113 -1.124952 ;
LFRESV 4 1.006386 -0.9604294 ;
LFRESV 5 1.000897 -0.9930599 ;
LFRESV 11 0.9946170 -4.3042213E-02 ;
LFRESV 12 0.9946063 1.5801480E-02 ;
LFRESV 13 1.000045 9.3603231E-02 ;
LFRESV 22 0.9994701 -0.2177158 ;
LFRESV 31 0.9989701 -0.4727128 ;
LFRESV 32 0.9955934 -0.2556114 ;
LFRESV 41 0.9981001 -0.7496814 ;
LFRESV 42 0.9931188 -0.7952251 ;
LFRESV 43 0.9946471 -0.8944698 ;
LFRESV 46 0.9986088 -0.9070629 ;
LFRESV 47 0.9908843 -0.8282273 ;
LFRESV 51 0.9957214 -0.8778157 ;
LFRESV 61 0.9972845 -0.7883555 ;
LFRESV 62 0.9972451 -0.7183528 ;
LFRESV 63 1.002717 -0.6536506 ;
LFRESV 71 1.006147 -8.2996137E-02 ;
LFRESV 72 0.9977327 -0.1088538 ;
BUSPART CENTRAL 1 600.000 148.2 ;
BUSPART CENTRAL 2 330.000 71.0 ;
BUSPART CENTRAL 3 260.000 83.8 ;
BUSPART CENTRAL 4 840.000 252.0 ;
BUSPART CENTRAL 5 720.000 190.4 ;
BUSPART CENTRAL 41 540.000 131.4 ;
BUSPART CENTRAL 42 400.000 127.4 ;
BUSPART CENTRAL 43 900.000 254.6 ;
BUSPART CENTRAL 46 700.000 211.8 ;
BUSPART CENTRAL 47 100.000 44.0 ;
BUSPART CENTRAL 51 800.000 258.2 ;
