# records dumped
BUS g1 15.0 0. 0. 0. 0. ;
BUS g2 15.0 0. 0. 0. 0. ;
BUS g3 15.0 0. 0. 0. 0. ;
BUS g4 15.0 0. 0. 0. 0. ;
BUS g5 15.0 0. 0. 0. 0. ;
BUS g6 15.0 0. 0. 0. 0. ;
BUS g7 15.0 0. 0. 0. 0. ;
BUS g8 15.0 0. 0. 0. 0. ;
BUS g9 15.0 0. 0. 0. 0. ;
BUS g10 15.0 0. 0. 0. 0. ;
BUS g11 15.0 0. 0. 0. 0. ;
BUS g12 15.0 0. 0. 0. 0. ;
BUS g13 15.0 0. 0. 0. 0. ;
BUS g14 15.0 0. 0. 0. 0. ;
BUS g15 15.0 0. 0. 0. 0. ;
BUS g16 15.0 0. 0. 0. 0. ;
BUS g17 15.0 0. 0. 0. 0. ;
BUS g18 15.0 0. 0. 0. 0. ;
BUS g19 15.0 0. 0. 0. 0. ;
BUS g20 15.0 0. 0. 0. 0. ;
BUS 1011 130.0 0. 0. 0. 0. ;
BUS 1012 130.0 0. 0. 0. 0. ;
BUS 1013 130.0 0. 0. 0. 0. ;
BUS 1014 130.0 0. 0. 0. 0. ;
BUS 1021 130.0 0. 0. 0. 0. ;
BUS 1022 130.0 0. 0. 50.00000 0. ;
BUS 1041 130.0 0. 0. 250.0000 0. ;
BUS 1042 130.0 0. 0. 0. 0. ;
BUS 1043 130.0 0. 0. 200.0000 0. ;
BUS 1044 130.0 0. 0. 200.0000 0. ;
BUS 1045 130.0 0. 0. 200.0000 0. ;
BUS 2031 220.0 0. 0. 0. 0. ;
BUS 2032 220.0 0. 0. 0. 0. ;
BUS 4011 400.0 0. 0. 0. 0. ;
BUS 4012 400.0 0. 0. -100.0000 0. ;
BUS 4021 400.0 0. 0. 0. 0. ;
BUS 4022 400.0 0. 0. 0. 0. ;
BUS 4031 400.0 0. 0. 0. 0. ;
BUS 4032 400.0 0. 0. 0. 0. ;
BUS 4041 400.0 0. 0. 200.0000 0. ;
BUS 4042 400.0 0. 0. 0. 0. ;
BUS 4043 400.0 0. 0. 200.0000 0. ;
BUS 4044 400.0 0. 0. 0. 0. ;
BUS 4045 400.0 0. 0. 0. 0. ;
BUS 4046 400.0 0. 0. 100.0000 0. ;
BUS 4047 400.0 0. 0. 0. 0. ;
BUS 4051 400.0 0. 0. 100.0000 0. ;
BUS 4061 400.0 0. 0. 0. 0. ;
BUS 4062 400.0 0. 0. 0. 0. ;
BUS 4063 400.0 0. 0. 0. 0. ;
BUS 4071 400.0 0. 0. -400.0000 0. ;
BUS 4072 400.0 0. 0. 0. 0. ;
BUS 1 20. 612.1800 151.2100 0. 0. ;
BUS 2 20. 336.6990 72.44000 0. 0. ;
BUS 3 20. 265.2780 85.50000 0. 0. ;
BUS 4 20. 857.0521 257.1200 0. 0. ;
BUS 5 20. 734.6160 194.2700 0. 0. ;
BUS 11 20. 200.0000 68.80000 0. 0. ;
BUS 12 20. 300.0000 83.80000 0. 0. ;
BUS 13 20. 100.0000 34.40000 0. 0. ;
BUS 22 20. 280.0000 79.90000 0. 0. ;
BUS 31 20. 100.0000 24.70000 0. 0. ;
BUS 32 20. 200.0000 39.60000 0. 0. ;
BUS 41 20. 550.9620 134.0700 0. 0. ;
BUS 42 20. 408.1200 129.9900 0. 0. ;
BUS 43 20. 918.2700 259.7700 0. 0. ;
BUS 46 20. 714.2100 216.1000 0. 0. ;
BUS 47 20. 102.0300 44.89000 0. 0. ;
BUS 51 20. 816.2401 263.4400 0. 0. ;
BUS 61 20. 500.0000 122.5000 0. 0. ;
BUS 62 20. 300.0000 83.80000 0. 0. ;
BUS 63 20. 590.0000 264.6000 0. 0. ;
BUS 71 20. 300.0000 83.80000 0. 0. ;
BUS 72 20. 2000.000 396.1000 0. 0. ;
GENER g1 g1 g1 600.0000 162.5789 1.068400 800.0 -99999. 320.6126 1 ;
GENER g2 g2 g2 300.0000 64.33794 1.056500 600.0 -99999. 290.3845 1 ;
GENER g3 g3 g3 550.0000 59.67340 1.059500 700.0 -99999. 260.5219 1 ;
GENER g4 g4 g4 400.0000 88.44970 1.033900 600.0 -99999. 268.8083 1 ;
GENER g5 g5 g5 200.0000 168.8490 1.029400 250.0 -99999. 157.4382 1 ;
GENER g6 g6 g6 360.0000 191.2724 1.008400 400.0 -99999. 187.5052 1 ;
GENER g7 g7 g7 180.0000 140.4794 1.014100 200.0 -99999. 132.5540 1 ;
GENER g8 g8 g8 750.0000 390.5258 1.049800 850.0 -99999. 291.7766 1 ;
GENER g9 g9 g9 668.5000 413.3070 0.9988000 1000.0 -99999. 470.4573 1 ;
GENER g10 g10 g10 600.0000 391.3028 1.015700 800.0 -99999. 347.2110 1 ;
GENER g11 g11 g11 250.0000 116.6638 0.9383305 300.0 -99999. 116.6638 1 ;
GENER g12 g12 g12 310.0000 170.4402 0.9553802 350.0 -99999. 170.4402 1 ;
GENER g13 g13 g13 0. 302.9589 1.017000 300.0 -99999. 299.6789 1 ;
GENER g14 g14 g14 630.0000 367.5824 0.9600473 700.0 -99999. 367.5824 1 ;
GENER g15 g15 g15 1080.000 799.8491 1.045500 1200.0 -99999. 586.5377 1 ;
GENER g16 g16 g16 600.0000 469.8016 1.053100 700.0 -99999. 371.7766 1 ;
GENER g17 g17 g17 530.0000 158.2393 1.009200 600.0 -99999. 276.4489 1 ;
GENER g18 g18 g18 1060.000 404.2781 1.030700 1200.0 -99999. 573.0605 1 ;
GENER g19 g19 g19 300.0000 161.0026 1.030000 500.0 -99999. 249.0537 1 ;
GENER g20 g20 g20 2417.594 472.0918 1.018500 4500.0 -99999. 2483.911 1 ;
SLACK g20 ;
LINE 1011-1013 1011 1013 1.6900 11.830 40.841 350.00 1 ;
LINE 1011-1013-2 1011 1013 1.6900 11.830 40.841 350.00 1 ;
LINE 1012-1014 1012 1014 2.3700 15.210 53.407 350.00 1 ;
LINE 1012-1014-2 1012 1014 2.3700 15.210 53.407 350.00 1 ;
LINE 1013-1014 1013 1014 1.1800 8.4500 29.845 350.00 1 ;
LINE 1013-1014-2 1013 1014 1.1800 8.4500 29.845 350.00 1 ;
LINE 1021-1022 1021 1022 5.0700 33.800 89.535 350.00 1 ;
LINE 1021-1022-2 1021 1022 5.0700 33.800 89.535 350.00 1 ;
LINE 1041-1043 1041 1043 1.6900 10.140 36.128 350.00 1 ;
LINE 1041-1043-2 1041 1043 1.6900 10.140 36.128 350.00 1 ;
LINE 1041-1045 1041 1045 2.5300 20.280 73.827 350.00 1 ;
LINE 1041-1045-2 1041 1045 2.5300 20.280 73.827 350.00 1 ;
LINE 1042-1044 1042 1044 6.4200 47.320 177.50 350.00 1 ;
LINE 1042-1044-2 1042 1044 6.4200 47.320 177.50 350.00 1 ;
LINE 1042-1045 1042 1045 8.4500 50.700 177.50 350.00 1 ;
LINE 1043-1044 1043 1044 1.6900 13.520 47.124 350.00 1 ;
LINE 1043-1044-2 1043 1044 1.6900 13.520 47.124 350.00 1 ;
LINE 2031-2032 2031 2032 5.8100 43.560 15.708 500.00 1 ;
LINE 2031-2032-2 2031 2032 5.8100 43.560 15.708 500.00 1 ;
LINE 4011-4012 4011 4012 1.6000 12.800 62.832 1400.0 1 ;
LINE 4011-4021 4011 4021 9.6000 96.000 562.34 1400.0 1 ;
LINE 4011-4022 4011 4022 6.4000 64.000 375.42 1400.0 1 ;
LINE 4011-4071 4011 4071 8.0000 72.000 438.25 1400.0 1 ;
LINE 4012-4022 4012 4022 6.4000 56.000 328.30 1400.0 1 ;
LINE 4012-4071 4012 4071 8.0000 80.000 468.10 1400.0 1 ;
LINE 4021-4032 4021 4032 6.4000 64.000 375.42 1400.0 1 ;
LINE 4021-4042 4021 4042 16.000 96.00 937.77 1400.0 1 ;
LINE 4022-4031 4022 4031 6.4000 64.000 375.42 1400.0 1 ;
LINE 4022-4031-2 4022 4031 6.4000 64.000 375.42 1400.0 1 ;
LINE 4031-4032 4031 4032 1.6000 16.000 94.248 1400.0 1 ;
LINE 4031-4041 4031 4041 9.6000 64.00 749.27 1400.0 1 ;
LINE 4031-4041-2 4031 4041 9.6000 64.00 749.27 1400.0 1 ;
LINE 4032-4042 4032 4042 16.000 64.00 625.18 1400.0 1 ;
LINE 4032-4044 4032 4044 9.6000 80.00 749.27 1400.0 1 ;
LINE 4041-4044 4041 4044 4.8000 48.000 281.17 1400.0 1 ;
LINE 4041-4061 4041 4061 9.6000 72.000 406.84 1400.0 1 ;
LINE 4042-4043 4042 4043 3.2000 24.000 155.51 1400.0 1 ;
LINE 4042-4044 4042 4044 3.2000 32.000 186.93 1400.0 1 ;
LINE 4043-4044 4043 4044 1.6000 16.000 94.248 1400.0 1 ;
LINE 4043-4046 4043 4046 1.6000 16.000 94.248 1400.0 1 ;
LINE 4043-4047 4043 4047 3.2000 32.000 186.93 1400.0 1 ;
LINE 4044-4045 4044 4045 3.2000 32.000 186.93 1400.0 1 ;
LINE 4044-4045-2 4044 4045 3.2000 32.000 186.93 1400.0 1 ;
LINE 4045-4051 4045 4051 6.4000 64.000 375.42 1400.0 1 ;
LINE 4045-4051-2 4045 4051 6.4000 64.000 375.42 1400.0 1 ;
LINE 4045-4062 4045 4062 17.600 128.00 749.27 1400.0 1 ;
LINE 4046-4047 4046 4047 1.6000 24.000 155.51 1400.0 1 ;
LINE 4061-4062 4061 4062 3.2000 32.000 186.93 1400.0 1 ;
LINE 4062-4063 4062 4063 4.8000 48.000 281.17 1400.0 1 ;
LINE 4062-4063-2 4062 4063 4.8000 48.000 281.17 1400.0 1 ;
LINE 4071-4072 4071 4072 4.8000 48.000 937.77 1400.0 1 ;
LINE 4071-4072-2 4071 4072 4.8000 48.000 937.77 1400.0 1 ;
TRFO g1 g1 1012 ' ' 0.0 15.0 0. 100.0000 800.0 0. 0. 0 0. 0 1 ;
TRFO g2 g2 1013 ' ' 0.0 15.0 0. 100.0000 600.0 0. 0. 0 0. 0 1 ;
TRFO g3 g3 1014 ' ' 0.0 15.0 0. 100.0000 700.0 0. 0. 0 0. 0 1 ;
TRFO g4 g4 1021 ' ' 0.0 15.0 0. 100.0000 600.0 0. 0. 0 0. 0 1 ;
TRFO g5 g5 1022 ' ' 0.0 15.0 0. 105.0000 250.0 0. 0. 0 0. 0 1 ;
TRFO g6 g6 1042 ' ' 0.0 15.0 0. 105.0000 400.0 0. 0. 0 0. 0 1 ;
TRFO g7 g7 1043 ' ' 0.0 15.0 0. 105.0000 200.0 0. 0. 0 0. 0 1 ;
TRFO g8 g8 2032 ' ' 0.0 15.0 0. 105.0000 850.0 0. 0. 0 0. 0 1 ;
TRFO g9 g9 4011 ' ' 0.0 15.0 0. 105.0000 1000.0 0. 0. 0 0. 0 1 ;
TRFO g10 g10 4012 ' ' 0.0 15.0 0. 105.0000 800.0 0. 0. 0 0. 0 1 ;
TRFO g11 g11 4021 ' ' 0.0 15.0 0. 105.0000 300.0 0. 0. 0 0. 0 1 ;
TRFO g12 g12 4031 ' ' 0.0 15.0 0. 105.0000 350.0 0. 0. 0 0. 0 1 ;
TRFO g13 g13 4041 ' ' 0.0 10.0 0. 105.0000 300.0 0. 0. 0 0. 0 1 ;
TRFO g14 g14 4042 ' ' 0.0 15.0 0. 105.0000 700.0 0. 0. 0 0. 0 1 ;
TRFO g15 g15 4047 ' ' 0.0 15.0 0. 105.0000 1200.0 0. 0. 0 0. 0 1 ;
TRFO g16 g16 4051 ' ' 0.0 15.0 0. 105.0000 700.0 0. 0. 0 0. 0 1 ;
TRFO g17 g17 4062 ' ' 0.0 15.0 0. 105.0000 600.0 0. 0. 0 0. 0 1 ;
TRFO g18 g18 4063 ' ' 0.0 15.0 0. 105.0000 1200.0 0. 0. 0 0. 0 1 ;
TRFO g19 g19 4071 ' ' 0.0 15.0 0. 105.0000 500.0 0. 0. 0 0. 0 1 ;
TRFO g20 g20 4072 ' ' 0.0 15.0 0. 105.0000 4500.0 0. 0. 0 0. 0 1 ;
TRFO 1011-4011 1011 4011 ' ' 0.0000 10.000 0. 95.00000 1250.0 0. 0. 0 0. 0 1 ;
TRFO 1012-4012 1012 4012 ' ' 0.0000 10.000 0. 95.00000 1250.0 0. 0. 0 0. 0 1 ;
TRFO 1022-4022 1022 4022 ' ' 0.0000 10.000 0. 93.00000 833.30 0. 0. 0 0. 0 1 ;
TRFO 2031-4031 2031 4031 ' ' 0.0000 10.000 0. 100.0000 833.30 0. 0. 0 0. 0 1 ;
TRFO 1044-4044 1044 4044 1044 0. 10.0 0. 99.00000 1000.0 87. 111. 25 0.01 1.0106 1 ;
TRFO 1044-4044-2 1044 4044 1044 0. 10.0 0. 99.00000 1000.0 87. 111. 25 0.01 1.0106 1 ;
TRFO 1045-4045 1045 4045 1045 0. 10.0 0. 101.0000 1000.0 87. 111. 25 0.01 1.0146 1 ;
TRFO 1045-4045-2 1045 4045 1045 0. 10.0 0. 101.0000 1000.0 87. 111. 25 0.01 1.0146 1 ;
TRFO 11-1011 11 1011 11 0. 10. 0. 103.0000 400. 88. 120. 33 0.01 1. 1 ;
TRFO 12-1012 12 1012 12 0. 10. 0. 104.0000 600. 88. 120. 33 0.01 1. 1 ;
TRFO 13-1013 13 1013 13 0. 10. 0. 103.0000 200. 88. 120. 33 0.01 1. 1 ;
TRFO 22-1022 22 1022 22 0. 10. 0. 101.0000 560. 88. 120. 33 0.01 1. 1 ;
TRFO 1-1041 1 1041 1 0. 10. 0. 100.0000 1200. 88. 120. 33 0.01 1. 1 ;
TRFO 2-1042 2 1042 2 0. 10. 0. 100.0000 600. 88. 120. 33 0.01 1. 1 ;
TRFO 3-1043 3 1043 3 0. 10. 0. 101.0000 460. 88. 120. 33 0.01 1. 1 ;
TRFO 4-1044 4 1044 4 0. 10. 0. 100.0000 1600. 88. 120. 33 0.01 1. 1 ;
TRFO 5-1045 5 1045 5 0. 10. 0. 100.0000 1400. 88. 120. 33 0.01 1. 1 ;
TRFO 31-2031 31 2031 31 0. 10. 0. 98.00000 200. 88. 120. 33 0.01 1. 1 ;
TRFO 32-2032 32 2032 32 0. 10. 0. 105.0000 400. 88. 120. 33 0.01 1. 1 ;
TRFO 41-4041 41 4041 41 0. 10. 0. 100.0000 1080. 88. 120. 33 0.01 1. 1 ;
TRFO 42-4042 42 4042 42 0. 10. 0. 99.00000 800. 88. 120. 33 0.01 1. 1 ;
TRFO 43-4043 43 4043 43 0. 10. 0. 99.00000 1800. 88. 120. 33 0.01 1. 1 ;
TRFO 46-4046 46 4046 46 0. 10. 0. 99.00000 1400. 88. 120. 33 0.01 1. 1 ;
TRFO 47-4047 47 4047 47 0. 10. 0. 101.0000 200. 88. 120. 33 0.01 1. 1 ;
TRFO 51-4051 51 4051 51 0. 10. 0. 103.0000 1600. 88. 120. 33 0.01 1. 1 ;
TRFO 61-4061 61 4061 61 0. 10. 0. 101.0000 1000. 88. 120. 33 0.01 1. 1 ;
TRFO 62-4062 62 4062 62 0. 10. 0. 103.0000 600. 88. 120. 33 0.01 1. 1 ;
TRFO 63-4063 63 4063 63 0. 10. 0. 102.0000 1180. 88. 120. 33 0.01 1. 1 ;
TRFO 71-4071 71 4071 71 0. 10. 0. 103.0000 600. 88. 120. 33 0.01 1. 1 ;
TRFO 72-4072 72 4072 72 0. 10. 0. 105.0000 4000. 88. 120. 33 0.01 1. 1 ;
LFRESV g1 1.068400 -6.0528468E-02 ;
LFRESV g2 1.056500 -1.7482018E-02 ;
LFRESV g3 1.059500 7.3562808E-02 ;
LFRESV g4 1.033900 -3.2842159E-03 ;
LFRESV g5 1.029400 -0.3756557 ;
LFRESV g6 1.008400 -1.456934 ;
LFRESV g7 1.014100 -1.628930 ;
LFRESV g8 1.049800 -0.5355515 ;
LFRESV g9 0.9988000 -0.1370978 ;
LFRESV g10 1.015700 -8.8882200E-02 ;
LFRESV g11 0.9383305 -0.7283336 ;
LFRESV g12 0.9553802 -0.8068169 ;
LFRESV g13 1.017000 -1.297114 ;
LFRESV g14 0.9600473 -1.212124 ;
LFRESV g15 1.045500 -1.296467 ;
LFRESV g16 1.053100 -1.541161 ;
LFRESV g17 1.009200 -1.190515 ;
LFRESV g18 1.030700 -1.129494 ;
LFRESV g19 1.030000 -4.5734014E-02 ;
LFRESV g20 1.018500 0. ;
LFRESV 1011 1.030826 -0.2270121 ;
LFRESV 1012 1.045185 -0.1614363 ;
LFRESV 1013 1.043692 -8.5549608E-02 ;
LFRESV 1014 1.053321 -3.2240160E-02 ;
LFRESV 1021 1.017121 -9.8515369E-02 ;
LFRESV 1022 0.9851459 -0.5000536 ;
LFRESV 1041 0.9398187 -1.876207 ;
LFRESV 1042 0.9941149 -1.598758 ;
LFRESV 1043 0.9658149 -1.773672 ;
LFRESV 1044 0.9442979 -1.588807 ;
LFRESV 1045 0.9513659 -1.673746 ;
LFRESV 2031 0.9390364 -0.9035231 ;
LFRESV 2032 1.041800 -0.6629273 ;
LFRESV 4011 0.9891952 -0.2438328 ;
LFRESV 4012 0.9974387 -0.2057229 ;
LFRESV 4021 0.9305602 -0.8769840 ;
LFRESV 4022 0.9189538 -0.5364478 ;
LFRESV 4031 0.9339664 -0.9619241 ;
LFRESV 4032 0.9343190 -1.074374 ;
LFRESV 4041 0.9635867 -1.297114 ;
LFRESV 4042 0.9337062 -1.368910 ;
LFRESV 4043 0.9459055 -1.505744 ;
LFRESV 4044 0.9387617 -1.518374 ;
LFRESV 4045 0.9653324 -1.618465 ;
LFRESV 4046 0.9570548 -1.520545 ;
LFRESV 4047 1.006518 -1.431445 ;
LFRESV 4051 1.013504 -1.667863 ;
LFRESV 4061 0.9897112 -1.385589 ;
LFRESV 4062 1.027783 -1.325012 ;
LFRESV 4063 1.039553 -1.259697 ;
LFRESV 4071 1.036330 -0.1343782 ;
LFRESV 4072 1.056473 -7.8719176E-02 ;
LFRESV 1 0.9247038 -1.934124 ;
LFRESV 2 0.9800498 -1.656366 ;
LFRESV 3 0.9339381 -1.837782 ;
LFRESV 4 0.9252919 -1.649400 ;
LFRESV 5 0.9349677 -1.732192 ;
LFRESV 11 0.9819971 -0.2778696 ;
LFRESV 12 0.9896031 -0.2117187 ;
LFRESV 13 0.9947565 -0.1351690 ;
LFRESV 22 0.9591615 -0.5533007 ;
LFRESV 31 0.9437303 -0.9583218 ;
LFRESV 32 0.9807948 -0.7142859 ;
LFRESV 41 0.9490684 -1.352468 ;
LFRESV 42 0.9240884 -1.426628 ;
LFRESV 43 0.9386311 -1.562104 ;
LFRESV 46 0.9490334 -1.575774 ;
LFRESV 47 0.9721152 -1.483966 ;
LFRESV 51 0.9655379 -1.721426 ;
LFRESV 61 0.9658850 -1.438296 ;
LFRESV 62 0.9823372 -1.375998 ;
LFRESV 63 0.9954063 -1.308993 ;
LFRESV 71 0.9907837 -0.1845506 ;
LFRESV 72 0.9949567 -0.1286853 ;
BUSPART CENTRAL 1 600.000 148.2 ;
BUSPART CENTRAL 2 330.000 71.0 ;
BUSPART CENTRAL 3 260.000 83.8 ;
BUSPART CENTRAL 4 840.000 252.0 ;
BUSPART CENTRAL 5 720.000 190.4 ;
BUSPART CENTRAL 41 540.000 131.4 ;
BUSPART CENTRAL 42 400.000 127.4 ;
BUSPART CENTRAL 43 900.000 254.6 ;
BUSPART CENTRAL 46 700.000 211.8 ;
BUSPART CENTRAL 47 100.000 44.0 ;
BUSPART CENTRAL 51 800.000 258.2 ;
