# NORDIC TEST SYSTEM - OPERATING POINT B

BUS g1 15.0 0. 0. 0. 0. ;
BUS g2 15.0 0. 0. 0. 0. ;
BUS g3 15.0 0. 0. 0. 0. ;
BUS g4 15.0 0. 0. 0. 0. ;
BUS g5 15.0 0. 0. 0. 0. ;
BUS g6 15.0 0. 0. 0. 0. ;
BUS g7 15.0 0. 0. 0. 0. ;
BUS g8 15.0 0. 0. 0. 0. ;
BUS g9 15.0 0. 0. 0. 0. ;
BUS g10 15.0 0. 0. 0. 0. ;
BUS g11 15.0 0. 0. 0. 0. ;
BUS g12 15.0 0. 0. 0. 0. ;
BUS g13 15.0 0. 0. 0. 0. ;
BUS g14 15.0 0. 0. 0. 0. ;
BUS g15 15.0 0. 0. 0. 0. ;
BUS g15b 15.0 0. 0. 0. 0. ;
BUS g16 15.0 0. 0. 0. 0. ;
BUS g16b 15.0 0. 0. 0. 0. ;
BUS g17 15.0 0. 0. 0. 0. ;
BUS g18 15.0 0. 0. 0. 0. ;
BUS g18b 15.0 0. 0. 0. 0. ;
BUS g19 15.0 0. 0. 0. 0. ;
BUS g20 15.0 0. 0. 0. 0. ;
BUS 1011 130.0 0. 0. 0. 0. ;
BUS 1012 130.0 0. 0. 0. 0. ;
BUS 1013 130.0 0. 0. 0. 0. ;
BUS 1014 130.0 0. 0. 0. 0. ;
BUS 1021 130.0 0. 0. 0. 0. ;
BUS 1022 130.0 0. 0. 50.00000 0. ;
BUS 1041 130.0 0. 0. 250.0000 0. ;
BUS 1042 130.0 0. 0. 0. 0. ;
BUS 1043 130.0 0. 0. 200.0000 0. ;
BUS 1044 130.0 0. 0. 200.0000 0. ;
BUS 1045 130.0 0. 0. 200.0000 0. ;
BUS 2031 220.0 0. 0. 0. 0. ;
BUS 2032 220.0 0. 0. 0. 0. ;
BUS 4011 400.0 0. 0. 0. 0. ;
BUS 4012 400.0 0. 0. -100.0000 0. ;
BUS 4021 400.0 0. 0. 0. 0. ;
BUS 4022 400.0 0. 0. 0. 0. ;
BUS 4031 400.0 0. 0. 0. 0. ;
BUS 4032 400.0 0. 0. 0. 0. ;
BUS 4041 400.0 0. 0. 200.0000 0. ;
BUS 4042 400.0 0. 0. 0. 0. ;
BUS 4043 400.0 0. 0. 200.0000 0. ;
BUS 4044 400.0 0. 0. 0. 0. ;
BUS 4045 400.0 0. 0. 0. 0. ;
BUS 4046 400.0 0. 0. 100.0000 0. ;
BUS 4047 400.0 0. 0. 0. 0. ;
BUS 4051 400.0 0. 0. 100.0000 0. ;
BUS 4061 400.0 0. 0. 0. 0. ;
BUS 4062 400.0 0. 0. 0. 0. ;
BUS 4063 400.0 0. 0. 0. 0. ;
BUS 4071 400.0 0. 0. -400.0000 0. ;
BUS 4072 400.0 0. 0. 0. 0. ;
BUS 1 20. 600.0000 148.2000 0. 0. ;
BUS 2 20. 330.0000 71.00000 0. 0. ;
BUS 3 20. 260.0000 83.80000 0. 0. ;
BUS 4 20. 839.9999 252.0000 0. 0. ;
BUS 5 20. 720.0000 190.4000 0. 0. ;
BUS 11 20. 200.0000 68.80000 0. 0. ;
BUS 12 20. 300.0000 83.80000 0. 0. ;
BUS 13 20. 100.0000 34.40000 0. 0. ;
BUS 22 20. 280.0000 79.90000 0. 0. ;
BUS 31 20. 100.0000 24.70000 0. 0. ;
BUS 32 20. 200.0000 39.60000 0. 0. ;
BUS 41 20. 540.0000 131.4000 0. 0. ;
BUS 42 20. 400.0000 127.4000 0. 0. ;
BUS 43 20. 900.0000 254.6000 0. 0. ;
BUS 46 20. 700.0000 211.8000 0. 0. ;
BUS 47 20. 100.0000 44.00000 0. 0. ;
BUS 51 20. 800.0000 258.2000 0. 0. ;
BUS 61 20. 500.0000 122.5000 0. 0. ;
BUS 62 20. 300.0000 83.80000 0. 0. ;
BUS 63 20. 590.0000 264.6000 0. 0. ;
BUS 71 20. 300.0000 83.80000 0. 0. ;
BUS 72 20. 2000.000 396.1000 0. 0. ;
GENER g1 g1 g1 600.0000 -19.60480 1.068400 800.0 -99999. 320.6126 1 ;
GENER g2 g2 g2 300.0000 -19.29529 1.056500 600.0 -99999. 290.3845 1 ;
GENER g3 g3 g3 550.0000 -8.514547 1.059500 700.0 -99999. 260.5219 1 ;
GENER g4 g4 g4 400.0000 -15.45237 1.033900 600.0 -99999. 268.8083 1 ;
GENER g5 g5 g5 200.0000 -26.27756 1.029400 250.0 -99999. 157.4382 1 ;
GENER g6 g6 g6 360.0000 133.4737 1.008400 400.0 -99999. 187.5052 1 ;
GENER g7 g7 g7 180.0000 51.42854 1.014100 200.0 -99999. 132.5540 1 ;
GENER g8 g8 g8 750.0000 129.8133 1.049800 850.0 -99999. 291.7766 1 ;
GENER g9 g9 g9 668.5000 37.90484 0.9988000 1000.0 -99999. 470.4573 1 ;
GENER g10 g10 g10 600.0000 153.8097 1.015700 800.0 -99999. 347.2110 1 ;
GENER g11 g11 g11 250.0000 -73.83327 1.021100 300.0 -99999. 116.6638 1 ;
GENER g12 g12 g12 310.0000 -55.60025 1.020000 350.0 -99999. 170.4402 1 ;
GENER g13 g13 g13 0. -118.3200 1.017000 300.0 -99999. 299.6789 1 ;
GENER g14 g14 g14 630.0000 38.05500 1.045400 700.0 -99999. 367.5824 1 ;
GENER g15 g15 g15 540.0000 74.11643 1.045500 600.0 -99999. 586.5377 1 ;
GENER g15b g15b g15b 540.0000 74.11643 1.045500 600.0 -99999. 586.5377 1 ;
GENER g16 g16 g16 600.0000 59.86771 1.053100 700.0 -99999. 371.7766 1 ;
GENER g16b g16b g16b 600.0000 59.86771 1.053100 700.0 -99999. 371.7766 1 ;
GENER g17 g17 g17 530.0000 -22.53636 1.009200 600.0 -99999. 276.4489 1 ;
GENER g18 g18 g18 530.0000 110.5356 1.030700 600.0 -99999. 573.0605 1 ;
GENER g18b g18b g18b 530.0000 110.5356 1.030700 600.0 -99999. 573.0605 1 ;
GENER g19 g19 g19 300.0000 117.4647 1.030000 500.0 -99999. 249.0537 1 ;
GENER g20 g20 g20 1374.884 376.7526 1.018500 4500.0 -99999. 2483.911 1 ;
SLACK g20 ;
LINE 1011-1013 1011 1013 1.6900 11.830 40.841 350.00 1 ;
LINE 1011-1013-2 1011 1013 1.6900 11.830 40.841 350.00 1 ;
LINE 1012-1014 1012 1014 2.3700 15.210 53.407 350.00 1 ;
LINE 1012-1014-2 1012 1014 2.3700 15.210 53.407 350.00 1 ;
LINE 1013-1014 1013 1014 1.1800 8.4500 29.845 350.00 1 ;
LINE 1013-1014-2 1013 1014 1.1800 8.4500 29.845 350.00 1 ;
LINE 1021-1022 1021 1022 5.0700 33.800 89.535 350.00 1 ;
LINE 1021-1022-2 1021 1022 5.0700 33.800 89.535 350.00 1 ;
LINE 1041-1043 1041 1043 1.6900 10.140 36.128 350.00 1 ;
LINE 1041-1043-2 1041 1043 1.6900 10.140 36.128 350.00 1 ;
LINE 1041-1045 1041 1045 2.5300 20.280 73.827 350.00 1 ;
LINE 1041-1045-2 1041 1045 2.5300 20.280 73.827 350.00 1 ;
LINE 1042-1044 1042 1044 6.4200 47.320 177.50 350.00 1 ;
LINE 1042-1044-2 1042 1044 6.4200 47.320 177.50 350.00 1 ;
LINE 1042-1045 1042 1045 8.4500 50.700 177.50 350.00 1 ;
LINE 1043-1044 1043 1044 1.6900 13.520 47.124 350.00 1 ;
LINE 1043-1044-2 1043 1044 1.6900 13.520 47.124 350.00 1 ;
LINE 2031-2032 2031 2032 5.8100 43.560 15.708 500.00 1 ;
LINE 2031-2032-2 2031 2032 5.8100 43.560 15.708 500.00 1 ;
LINE 4011-4012 4011 4012 1.6000 12.800 62.832 1400.0 1 ;
LINE 4011-4021 4011 4021 9.6000 96.000 562.34 1400.0 1 ;
LINE 4011-4022 4011 4022 6.4000 64.000 375.42 1400.0 1 ;
LINE 4011-4071 4011 4071 8.0000 72.000 438.25 1400.0 1 ;
LINE 4012-4022 4012 4022 6.4000 56.000 328.30 1400.0 1 ;
LINE 4012-4071 4012 4071 8.0000 80.000 468.10 1400.0 1 ;
LINE 4021-4032 4021 4032 6.4000 64.000 375.42 1400.0 1 ;
LINE 4021-4042 4021 4042 16.000 96.00 937.77 1400.0 1 ;
LINE 4022-4031 4022 4031 6.4000 64.000 375.42 1400.0 1 ;
LINE 4022-4031-2 4022 4031 6.4000 64.000 375.42 1400.0 1 ;
LINE 4031-4032 4031 4032 1.6000 16.000 94.248 1400.0 1 ;
LINE 4031-4041 4031 4041 9.6000 64.00 749.27 1400.0 1 ;
LINE 4031-4041-2 4031 4041 9.6000 64.00 749.27 1400.0 1 ;
LINE 4032-4042 4032 4042 16.000 64.00 625.18 1400.0 1 ;
LINE 4032-4044 4032 4044 9.6000 80.00 749.27 1400.0 1 ;
LINE 4041-4044 4041 4044 4.8000 48.000 281.17 1400.0 1 ;
LINE 4041-4061 4041 4061 9.6000 72.000 406.84 1400.0 1 ;
LINE 4042-4043 4042 4043 3.2000 24.000 155.51 1400.0 1 ;
LINE 4042-4044 4042 4044 3.2000 32.000 186.93 1400.0 1 ;
LINE 4043-4044 4043 4044 1.6000 16.000 94.248 1400.0 1 ;
LINE 4043-4046 4043 4046 1.6000 16.000 94.248 1400.0 1 ;
LINE 4043-4047 4043 4047 3.2000 32.000 186.93 1400.0 1 ;
LINE 4044-4045 4044 4045 3.2000 32.000 186.93 1400.0 1 ;
LINE 4044-4045-2 4044 4045 3.2000 32.000 186.93 1400.0 1 ;
LINE 4045-4051 4045 4051 6.4000 64.000 375.42 1400.0 1 ;
LINE 4045-4051-2 4045 4051 6.4000 64.000 375.42 1400.0 1 ;
LINE 4045-4062 4045 4062 17.600 128.00 749.27 1400.0 1 ;
LINE 4046-4047 4046 4047 1.6000 24.000 155.51 1400.0 1 ;
LINE 4061-4062 4061 4062 3.2000 32.000 186.93 1400.0 1 ;
LINE 4062-4063 4062 4063 4.8000 48.000 281.17 1400.0 1 ;
LINE 4062-4063-2 4062 4063 4.8000 48.000 281.17 1400.0 1 ;
LINE 4071-4072 4071 4072 4.8000 48.000 937.77 1400.0 1 ;
LINE 4071-4072-2 4071 4072 4.8000 48.000 937.77 1400.0 1 ;

TRFO g1 g1 1012 ' ' 0.0 15.0 0. 100.0000 800.0 0. 0. 0 0. 0 1 ;
TRFO g2 g2 1013 ' ' 0.0 15.0 0. 100.0000 600.0 0. 0. 0 0. 0 1 ;
TRFO g3 g3 1014 ' ' 0.0 15.0 0. 100.0000 700.0 0. 0. 0 0. 0 1 ;
TRFO g4 g4 1021 ' ' 0.0 15.0 0. 100.0000 600.0 0. 0. 0 0. 0 1 ;
TRFO g5 g5 1022 ' ' 0.0 15.0 0. 105.0000 250.0 0. 0. 0 0. 0 1 ;
TRFO g6 g6 1042 ' ' 0.0 15.0 0. 105.0000 400.0 0. 0. 0 0. 0 1 ;
TRFO g7 g7 1043 ' ' 0.0 15.0 0. 105.0000 200.0 0. 0. 0 0. 0 1 ;
TRFO g8 g8 2032 ' ' 0.0 15.0 0. 105.0000 850.0 0. 0. 0 0. 0 1 ;
TRFO g9 g9 4011 ' ' 0.0 15.0 0. 105.0000 1000.0 0. 0. 0 0. 0 1 ;
TRFO g10 g10 4012 ' ' 0.0 15.0 0. 105.0000 800.0 0. 0. 0 0. 0 1 ;
TRFO g11 g11 4021 ' ' 0.0 15.0 0. 105.0000 300.0 0. 0. 0 0. 0 1 ;
TRFO g12 g12 4031 ' ' 0.0 15.0 0. 105.0000 350.0 0. 0. 0 0. 0 1 ;
TRFO g13 g13 4041 ' ' 0.0 10.0 0. 105.0000 300.0 0. 0. 0 0. 0 1 ;
TRFO g14 g14 4042 ' ' 0.0 15.0 0. 105.0000 700.0 0. 0. 0 0. 0 1 ;
TRFO g15 g15 4047 ' ' 0.0 15.0 0. 105.0000 600.0 0. 0. 0 0. 0 1 ;
TRFO g15b g15b 4047 ' ' 0.0 15.0 0. 105.0000 600.0 0. 0. 0 0. 0 1 ;
TRFO g16 g16 4051 ' ' 0.0 15.0 0. 105.0000 700.0 0. 0. 0 0. 0 1 ;
TRFO g16b g16b 4051 ' ' 0.0 15.0 0. 105.0000 700.0 0. 0. 0 0. 0 1 ;
TRFO g17 g17 4062 ' ' 0.0 15.0 0. 105.0000 600.0 0. 0. 0 0. 0 1 ;
TRFO g18 g18 4063 ' ' 0.0 15.0 0. 105.0000 600.0 0. 0. 0 0. 0 1 ;
TRFO g18b g18b 4063 ' ' 0.0 15.0 0. 105.0000 600.0 0. 0. 0 0. 0 1 ;
TRFO g19 g19 4071 ' ' 0.0 15.0 0. 105.0000 500.0 0. 0. 0 0. 0 1 ;
TRFO g20 g20 4072 ' ' 0.0 15.0 0. 105.0000 4500.0 0. 0. 0 0. 0 1 ;
TRFO 1011-4011 1011 4011 ' ' 0.0000 10.000 0. 95.00000 1250.0 0. 0. 0 0. 0 1 ;
TRFO 1012-4012 1012 4012 ' ' 0.0000 10.000 0. 95.00000 1250.0 0. 0. 0 0. 0 1 ;
TRFO 1022-4022 1022 4022 ' ' 0.0000 10.000 0. 93.00000 833.30 0. 0. 0 0. 0 1 ;
TRFO 2031-4031 2031 4031 ' ' 0.0000 10.000 0. 100.0000 833.30 0. 0. 0 0. 0 1 ;

TRFO 1044-4044 1044 4044 1044 0. 10.0 0. 108.0000 1000.0 87. 111. 25 0.01 1.0106 1 ;
TRFO 1044-4044-2 1044 4044 1044 0. 10.0 0. 108.0000 1000.0 87. 111. 25 0.01 1.0106 1 ;
TRFO 1045-4045 1045 4045 1045 0. 10.0 0. 109.0000 1000.0 87. 111. 25 0.01 1.0146 1 ;
TRFO 1045-4045-2 1045 4045 1045 0. 10.0 0. 109.0000 1000.0 87. 111. 25 0.01 1.0146 1 ;

TRFO 11-1011 11 1011 11 0. 10. 0. 106.0000 400. 88. 120. 33 0.01 1. 1 ;
TRFO 12-1012 12 1012 12 0. 10. 0. 106.0000 600. 88. 120. 33 0.01 1. 1 ;
TRFO 13-1013 13 1013 13 0. 10. 0. 104.0000 200. 88. 120. 33 0.01 1. 1 ;
TRFO 22-1022 22 1022 22 0. 10. 0. 108.0000 560. 88. 120. 33 0.01 1. 1 ;
TRFO 1-1041 1 1041 1 0. 10. 0. 101.0000 1200. 88. 120. 33 0.01 1. 1 ;
TRFO 2-1042 2 1042 2 0. 10. 0. 101.0000 600. 88. 120. 33 0.01 1. 1 ;
TRFO 3-1043 3 1043 3 0. 10. 0. 102.0000 460. 88. 120. 33 0.01 1. 1 ;
TRFO 4-1044 4 1044 4 0. 10. 0. 100.0000 1600. 88. 120. 33 0.01 1. 1 ;
TRFO 5-1045 5 1045 5 0. 10. 0. 100.0000 1400. 88. 120. 33 0.01 1. 1 ;
TRFO 31-2031 31 2031 31 0. 10. 0. 107.0000 200. 88. 120. 33 0.01 1. 1 ;
TRFO 32-2032 32 2032 32 0. 10. 0. 107.0000 400. 88. 120. 33 0.01 1. 1 ;
TRFO 41-4041 41 4041 41 0. 10. 0. 109.0000 1080. 88. 120. 33 0.01 1. 1 ;
TRFO 42-4042 42 4042 42 0. 10. 0. 108.0000 800. 88. 120. 33 0.01 1. 1 ;
TRFO 43-4043 43 4043 43 0. 10. 0. 107.0000 1800. 88. 120. 33 0.01 1. 1 ;
TRFO 46-4046 46 4046 46 0. 10. 0. 106.0000 1400. 88. 120. 33 0.01 1. 1 ;
TRFO 47-4047 47 4047 47 0. 10. 0. 106.0000 200. 88. 120. 33 0.01 1. 1 ;
TRFO 51-4051 51 4051 51 0. 10. 0. 108.0000 1600. 88. 120. 33 0.01 1. 1 ;
TRFO 61-4061 61 4061 61 0. 10. 0. 105.0000 1000. 88. 120. 33 0.01 1. 1 ;
TRFO 62-4062 62 4062 62 0. 10. 0. 105.0000 600. 88. 120. 33 0.01 1. 1 ;
TRFO 63-4063 63 4063 63 0. 10. 0. 103.0000 1180. 88. 120. 33 0.01 1. 1 ;
TRFO 71-4071 71 4071 71 0. 10. 0. 103.0000 600. 88. 120. 33 0.01 1. 1 ;
TRFO 72-4072 72 4072 72 0. 10. 0. 105.0000 4000. 88. 120. 33 0.01 1. 1 ;

LFRESV g1 1.068400 0.3357625 ;
LFRESV g2 1.056500 0.3834501 ;
LFRESV g3 1.059500 0.4717598 ;
LFRESV g4 1.033900 0.5156572 ;
LFRESV g5 1.029400 0.1717575 ;
LFRESV g6 1.008400 -0.3736484 ;
LFRESV g7 1.014100 -0.5398200 ;
LFRESV g8 1.049800 0.2040711 ;
LFRESV g9 0.9988000 0.2687417 ;
LFRESV g10 1.015700 0.3079371 ;
LFRESV g11 1.021100 -2.3706712E-02 ;
LFRESV g12 1.020000 -4.9009908E-02 ;
LFRESV g13 1.017000 -0.3598998 ;
LFRESV g14 1.045400 -0.2658439 ;
LFRESV g15 1.045500 -0.2806538 ;
LFRESV g15b 1.045500 -0.2806538 ;
LFRESV g16 1.053100 -0.3231256 ;
LFRESV g16b 1.053100 -0.3231256 ;
LFRESV g17 1.009200 -0.1855093 ;
LFRESV g18 1.030700 -0.1235155 ;
LFRESV g18b 1.030700 -0.1235155 ;
LFRESV g19 1.030000 0.1293930 ;
LFRESV g20 1.018500 0. ;
LFRESV 1011 1.085688 0.1825739 ;
LFRESV 1012 1.077000 0.2378367 ;
LFRESV 1013 1.063438 0.3166460 ;
LFRESV 1014 1.067036 0.3673201 ;
LFRESV 1021 1.042135 0.4227128 ;
LFRESV 1022 1.103760 6.0633987E-02 ;
LFRESV 1041 1.017878 -0.7537084 ;
LFRESV 1042 1.016469 -0.5123847 ;
LFRESV 1043 1.034356 -0.6753710 ;
LFRESV 1044 1.015032 -0.5326422 ;
LFRESV 1045 1.013074 -0.5571344 ;
LFRESV 2031 1.085926 -0.1296868 ;
LFRESV 2032 1.087465 8.2037449E-02 ;
LFRESV 4011 1.048078 0.1679917 ;
LFRESV 4012 1.043175 0.1962191 ;
LFRESV 4021 1.117533 -0.1389811 ;
LFRESV 4022 1.055115 3.2114472E-02 ;
LFRESV 4031 1.104033 -0.1732063 ;
LFRESV 4032 1.120632 -0.2364699 ;
LFRESV 4041 1.108570 -0.3598998 ;
LFRESV 4042 1.097885 -0.3896648 ;
LFRESV 4043 1.087052 -0.4719299 ;
LFRESV 4044 1.099100 -0.4750059 ;
LFRESV 4045 1.105898 -0.5065937 ;
LFRESV 4046 1.078382 -0.4808147 ;
LFRESV 4047 1.087650 -0.4056340 ;
LFRESV 4051 1.100456 -0.4398814 ;
LFRESV 4061 1.070834 -0.3874051 ;
LFRESV 4062 1.074403 -0.3141742 ;
LFRESV 4063 1.062691 -0.2508777 ;
LFRESV 4071 1.049594 4.1868888E-02 ;
LFRESV 4072 1.057534 -4.4691347E-02 ;
LFRESV 1 0.9941214 -0.8036354 ;
LFRESV 2 0.9929625 -0.5674498 ;
LFRESV 3 0.9941552 -0.7314653 ;
LFRESV 4 0.9978839 -0.5844976 ;
LFRESV 5 0.9981326 -0.6080171 ;
LFRESV 11 1.005928 0.1340256 ;
LFRESV 12 1.000854 0.1886482 ;
LFRESV 13 1.004195 0.2679330 ;
LFRESV 22 1.006618 1.2012796E-02 ;
LFRESV 31 1.001321 -0.1789084 ;
LFRESV 32 1.005256 3.3078119E-02 ;
LFRESV 41 1.003694 -0.4089010 ;
LFRESV 42 0.9993935 -0.4389001 ;
LFRESV 43 1.000570 -0.5211374 ;
LFRESV 46 1.001001 -0.5299331 ;
LFRESV 47 1.002937 -0.4542393 ;
LFRESV 51 1.001606 -0.4888929 ;
LFRESV 61 1.006460 -0.4361369 ;
LFRESV 62 1.008185 -0.3626608 ;
LFRESV 63 1.008307 -0.2989589 ;
LFRESV 71 1.003893 -7.0269261E-03 ;
LFRESV 72 0.9959809 -9.4556138E-02 ;

BUSPART CENTRAL 1 600.000 148.2 ;
BUSPART CENTRAL 2 330.000 71.0 ;
BUSPART CENTRAL 3 260.000 83.8 ;
BUSPART CENTRAL 4 840.000 252.0 ;
BUSPART CENTRAL 5 720.000 190.4 ;
BUSPART CENTRAL 41 540.000 131.4 ;
BUSPART CENTRAL 42 400.000 127.4 ;
BUSPART CENTRAL 43 900.000 254.6 ;
BUSPART CENTRAL 46 700.000 211.8 ;
BUSPART CENTRAL 47 100.000 44.0 ;
BUSPART CENTRAL 51 800.000 258.2 ;
